Block size = 4096

Count   Reads   Writes

100000	318	271
200000	746	651
300000	1262	1117
400000	1784	1591
500000	2339	2096
600000	2928	2637
700000	3528	3189
800000	4146	3757
900000	4753	4316
1000000	5389	4902
1100000	6023	5488
1200000	6683	6100
1300000	7386	6753
1400000	8045	7364
1500000	8754	8023
1600000	9424	8645
1700000	10130	9300
1800000	10814	9936
1900000	11486	10561
2000000	12194	11219
2100000	12893	11870
2200000	13650	12577
2300000	14372	13251
2400000	15115	13946
2500000	15883	14664
2600000	16611	15344
2700000	17392	16075
2800000	18141	16776
2900000	18910	17493
3000000	19655	18192
3100000	20403	18892
3200000	21168	19605
3300000	21918	20309
3400000	22722	21063
3500000	23457	21750
3600000	24196	22441
3700000	24989	23183
3800000	25742	23889
3900000	26529	24625
4000000	27286	25334
4100000	28037	26038
4200000	28850	26801
4300000	29638	27540
4400000	30467	28319
4500000	31265	29070
4600000	32102	29856
4700000	32904	30609
4800000	33710	31369
4900000	34560	32169
5000000	35370	32931
5100000	36199	33710
5200000	37013	34476
5300000	37826	35241
5400000	38664	36027
5500000	39480	36797
5600000	40331	37597
5700000	41146	38364
5800000	41990	39158
5900000	42802	39923
6000000	43632	40705
6100000	44473	41495
6200000	45287	42262
6300000	46138	43063
6400000	46979	43855
6500000	47775	44604
6600000	48619	45397
6700000	49447	46178
6800000	50321	47001
6900000	51145	47778
7000000	51971	48556
7100000	52819	49352
7200000	53648	50135
7300000	54494	50930
7400000	55324	51712
7500000	56149	52486
7600000	56955	53245
7700000	57794	54036
7800000	58658	54848
7900000	59470	55615
8000000	60338	56430
8100000	61158	57202
8200000	62007	58006
8300000	62851	58799
8400000	63682	59581
8500000	64630	60480
8600000	65454	61257
8700000	66366	62118
8800000	67195	62900
8900000	68103	63760
9000000	69013	64615
9100000	69886	65442
9200000	70792	66297
9300000	71682	67142
9400000	72539	67951
9500000	73450	68813
9600000	74339	69654
9700000	75241	70505
9800000	76091	71307
9900000	76986	72155
10000000	77915	73034
